<?xml version="1.0"?>
<opencv_storage>
<cam_extrinsic type_id="opencv-matrix">
  <rows>3</rows>
  <cols>4</cols>
  <dt>f</dt>
  <data>
    9.7056346e-01 -1.662106e-02 2.4027134e-01 -1.4637212693e+02
    -2.349328e-02 -9.9939191e-01 2.576574e-02 1.2393517912e+02
    2.3969698e-01 -3.065205e-02 -9.7036375e-01 7.7203017104e+03</data></cam_extrinsic>
</opencv_storage>
<!--
'Rc_1_cam': 
[ 0.97056346 -0.01662106  0.24027134]
[-0.02349328 -0.99939191  0.02576574]
[ 0.23969698 -0.03065205 -0.97036375]

'Tc_1_cam':
[-146.37212693]
[ 123.93517912]
[ 772.03017104]
-->