<?xml version="1.0"?>
<opencv_storage>
<proj_extrinsic type_id="opencv-matrix">
  <rows>3</rows>
  <cols>4</cols>
  <dt>f</dt>
  <data>
    9.3800154e-01 -2.946613e-02 3.453764e-01 -3.7950708195e+02
    5.017327e-02 9.9742893e-01 -5.116803e-02 -2.1527817655e+02
    -3.4298069e-01 6.532436e-02 9.3706829e-01 2.1735498396e+02</data></proj_extrinsic>
</opencv_storage>
<!--
'Rc_1_proj': 
[ 0.93800154, -0.02946613,  0.3453764 ],
[ 0.05017327,  0.99742893, -0.05116803],
[-0.34298069,  0.06532436,  0.93706829]

'Tc_1_proj':
[-379.50708195],
[-215.27817655],
[ 217.35498396]
-->
