<?xml version="1.0"?>
<opencv_storage>
<proj_intrinsic type_id="opencv-matrix">
  <rows>3</rows>
  <cols>3</cols>
  <dt>f</dt>
  <data>
    1.69963403e+03 0. 4.76898163e+02 0. 1.88639917e+03 7.77237549e+02 0.
    0. 1.</data></proj_intrinsic>
</opencv_storage>
<!--
'cc_proj':
[ 476.89817283]
[ 777.23754558]

'fc_proj':
[ 1699.63400002],
[ 1886.39918076]
-->
